0.107155 0.0396881 0.866993
0.102194 -0.0136936 1.16092
0.110772 0.117949 0.504124
0.0971865 0.106719 0.469208
-0.168494 0.363485 2.14994
-0.161911 0.32609 2.25618
-0.15656 0.0104508 1.67801
-0.159073 0.00412574 1.71174
-0.165971 0.00518837 1.1864
-0.0838362 -3.18558e-05 1.80626
-0.0481224 0.219304 2.67555
0.0967335 0.205508 0.997399
0.0993179 0.13008 0.809942
-0.164351 0.215116 1.16086
0.109483 0.00704788 0.822068
-0.13433 -0.155362 0.979032
-0.156528 0.393967 2.29439
-0.165408 0.360479 2.12848
0.111493 -0.0674803 0.875505
-0.135923 0.13317 2.59878
-0.135152 0.362493 2.22358
-0.163443 0.216448 2.71543
-0.13938 0.367041 2.24968
-0.175 0.382246 2.753
-0.0947895 0.184143 2.54656
-0.218529 0.145815 0.768117
-0.0990482 0.160781 2.90291
0.101451 0.013424 0.869087
0.0866456 0.122075 0.815177
-0.13527 -0.150465 0.977011
-0.215088 0.00409569 0.815094
-0.0533862 0.218587 2.69003
0.105316 0.050254 0.876764
-0.140238 0.133578 2.65984
-0.155236 0.0185687 1.69292
-0.105233 0.18101 2.64403
0.082514 0.0392382 0.868587
0.0937083 0.140282 0.926438
-0.0787845 -0.132843 0.903325
